age,work,study,econhs,colgpa,hsgpa,acteng,actmth,act,mathscr,male,calculus,attexc,attgood,fathcoll,mothcoll,score
23,15,10,0,3.4909,3.355,24,26,27,10,1,1,0,0,1,1,84.43
23,0,22.5,1,2.1,3.219,23,20,24,9,1,0,0,0,0,1,57.38
21,25,12,0,3.0851,3.306,21,24,21,8,1,1,1,0,0,1,66.39
22,30,40,0,2.6805,3.977,31,28,31,10,0,1,0,1,1,1,81.15
22,25,15,1,3.7454,3.89,28,31,32,8,1,1,0,1,0,1,95.9
22,0,30,0,3.0555,3.5,25,30,28,10,1,1,1,0,0,1,83.61
22,20,25,1,2.1666,3,15,19,18,9,0,1,0,1,0,0,76.23
22,20,15,0,3.2544,3.77,28,30,32,9,1,1,1,0,1,1,84.43
22,28,7,0,3.1298,3.927,28,28,30,6,0,0,1,0,0,1,79.51
21,22.5,25,0,2.2424,2.77,18,19,17,9,0,1,0,1,0,0,46.72
21,0,25,0,2.8666,3.677,25,23,24,10,0,1,0,1,0,0,83.61
20,30,15,0,2.9363,3.222,27,21,26,8,0,1,0,0,0,1,71.31
19,8,22.5,1,3.6607,3.575,27,21,23,9,0,0,1,0,0,0,79.51
20,22.5,17.5,1,1.6511,3.394,22,19,22,7,0,0,0,1,1,1,59.02
22,10,12,1,2.7405,3.26,,,,7,0,1,0,1,0,1,65.57
19,10,20,0,3.3898,3.842,28,28,26,9,0,1,1,0,1,1,83.61
21,22.5,10.5,0,1.8604,2.76,17,16,17,2,0,0,0,1,0,0,54.92
20,10,10,0,3.0952,3.389,24,26,24,9,0,1,0,1,1,1,77.87
21,25,12,0,2.5078,3.378,28,24,29,6,0,0,0,0,1,1,67.21
21,10,20,1,3.6931,3.98,28,23,24,9,0,1,0,1,0,1,74.59
28,0,20,1,2.489,3.45,21,21,19,6,0,0,0,1,1,1,40.98
22,20,4,0,2.8026,3.244,18,18,20,4,0,0,0,1,1,0,69.67
19,12.5,11,0,2.86,3.812,23,26,23,8,1,1,1,0,0,0,75.41
20,0,20,1,1.9693,3.16,23,21,21,9,0,1,0,1,0,0,69.67
21,25,25,1,2.6272,3.75,32,25,28,8,1,1,0,1,1,1,67.21
21,25,25,0,1.95,3.024,25,24,25,4,1,0,0,1,1,0,50
20,17.5,20,0,3.9892,4,32,32,33,10,0,1,1,0,1,1,92.62
21,12,20,0,3.268,3.75,23,19,24,6,0,1,0,1,0,1,72.95
21,20,10,0,3.0925,3.612,21,27,23,10,0,1,0,0,0,0,86.07
21,10,30,0,3.36,3.22,24,29,27,10,1,1,1,0,1,1,88.52
21,20,10,0,3.4824,3.254,29,21,26,5,1,0,0,1,1,1,86.89
21,27.5,12,1,2.075,3.225,20,19,20,7,0,1,0,1,1,1,45.9
21,0,25,0,3.7651,3.75,27,30,28,10,1,1,1,0,0,1,86.89
20,10,30,1,2.8245,3.694,21,24,24,9,0,1,0,1,1,1,89.34
21,10,15,0,3.0743,3.257,26,23,23,5,0,0,1,0,0,0,54.1
21,12,15,0,2.5281,3.21,13,12,15,7,0,0,0,1,0,0,62.3
21,20,30,1,2.1126,3.405,12,18,15,7,0,1,0,1,0,0,60.66
21,12,13.5,0,3.1046,2.861,20,18,19,8,0,1,0,1,1,1,60.66
21,4,8,0,2.1323,3.263,24,22,24,9,0,1,0,1,0,0,62.3
21,18,15,1,2.7635,3.359,24,22,25,7,1,1,0,1,1,0,73.77
22,0,7,0,1.7222,2.92,20,22,22,5,1,0,0,1,0,1,76.23
21,35,5,0,2.0283,3.367,21,25,23,9,1,1,0,0,0,0,82.79
21,14,17.5,0,2.4303,3.18,15,23,18,9,1,1,0,1,0,0,77.05
20,10,12.5,1,2.3145,3.49,23,28,23,7,0,1,1,0,1,1,63.11
21,0,2,0,3.7867,4.08,21,26,25,10,0,1,0,1,1,1,86.07
21,17,12,0,3.0922,3.436,21,25,23,10,1,1,0,1,1,0,85.25
21,25,10,1,2.1171,3.275,15,20,18,9,1,1,0,1,0,0,59.84
20,15,15,0,2.5727,3.166,26,25,27,9,0,1,0,1,1,1,67.21
22,25,20,0,2.5,3.21,22,23,19,9,1,0,0,1,0,0,28.69
20,20,5,1,2.5833,3.263,25,25,26,7,0,0,1,0,1,0,77.05
21,10,20,1,2.8461,3.75,24,27,28,10,1,1,0,1,0,0,85.25
21,14,25,0,3.3709,3.162,19,20,21,3,1,1,0,1,1,1,76.23
21,16,2,0,3.4943,3.984,29,36,31,10,1,1,1,0,1,1,97.54
20,13,10,1,2.9444,3.38,25,18,23,9,0,1,1,0,0,1,70.49
20,13.5,7.5,0,2.5326,3.19,24,29,25,9,1,1,0,1,1,1,60.66
21,0,9,0,2.3125,2.658,16,20,19,7,1,1,0,1,0,0,41.8
19,0,15,0,2.3928,3.129,17,25,21,8,1,1,0,1,0,0,68.85
21,13.5,50,1,2.1811,3.583,12,15,13,4,1,1,1,0,1,1,41.8
20,20,17.5,0,2.2666,3.077,29,25,28,8,0,0,0,1,1,1,62.3
20,0,12.5,0,3.2857,3.456,21,18,20,8,1,1,1,0,0,1,85.25
20,5,6,0,2.677,3.388,19,19,18,5,0,0,1,0,1,0,49.18
20,12.5,12,0,2.7234,2.74,25,20,22,7,0,1,0,1,0,0,71.31
20,6,10,0,3.4019,3.289,19,19,20,6,1,0,1,0,0,0,90.16
20,19.5,20,0,2.6491,3.571,20,28,24,9,0,1,0,1,0,1,73.77
21,15,20,1,2.25,3.18,16,17,17,1,0,1,0,1,1,1,53.28
20,5,10,0,2,2.776,21,22,24,7,1,1,0,1,0,1,63.93
20,15,20,0,2.051,3.937,27,29,28,10,0,1,0,1,1,1,92.62
19,18,7.5,1,2.6176,3.07,16,23,18,10,1,1,1,0,0,0,78.69
19,17,16,0,3.1458,3.514,23,24,22,8,0,1,1,0,0,0,62.3
19,0,22,0,3.4285,3.533,23,24,25,10,1,1,0,1,1,1,94.26
19,10,8,1,2.862,3.5,23,24,25,10,1,1,0,1,0,0,71.31
19,8,6,1,3.0535,3.743,25,29,25,9,1,1,0,1,1,1,88.52
20,0,8,0,2.7636,2.989,17,21,20,4,1,1,0,1,1,0,88.52
20,0,2,0,1.9732,3.69,18,25,20,5,1,1,0,1,0,0,65.57
20,12,7,0,2.4622,3,22,20,20,3,1,0,0,1,1,1,54.92
20,15,5,0,2.0106,3.207,26,21,25,7,1,1,0,1,1,0,59.02
20,8,10,1,2.7169,3.22,21,22,21,9,1,1,0,1,0,1,73.77
21,0,7.5,0,2.8939,3.648,25,29,27,10,0,1,0,1,1,1,66.39
19,25,10,1,2.5208,3.53,27,25,27,9,0,0,1,0,1,1,68.85
20,0,10,0,2.4038,3.49,22,29,25,10,1,1,0,1,1,1,81.15
19,14,30,0,2.3666,2.886,23,20,20,8,0,1,1,0,0,1,79.51
20,8,11,1,2.2454,3.058,20,23,20,8,0,1,0,1,1,1,63.93
20,22.5,14,0,2.7796,3.206,25,27,25,9,0,1,0,0,0,0,58.2
20,25,12.5,1,3.009,3.514,26,17,24,5,0,1,1,0,1,0,66.39
20,7,15,0,2.525,2.834,24,23,22,10,1,1,0,1,1,1,63.93
19,10,35,1,3.4347,3.65,24,20,22,9,0,0,0,1,1,1,80.33
21,8,10,1,2.5964,3.178,14,19,17,8,1,1,1,0,1,1,58.2
20,23.5,12.5,0,2.2325,2.87,25,17,25,5,0,0,0,0,0,1,54.1
20,0,15,0,2.2,2.738,19,19,21,8,0,0,0,1,1,1,86.07
20,0,12.5,0,2.2916,3.222,19,21,21,3,1,0,1,0,0,1,60.66
20,0,15,0,3.0517,3.256,24,19,23,8,0,1,1,0,1,1,72.95
20,0,1,0,2.6785,3.555,29,31,30,8,1,1,0,0,0,0,78.69
20,11,6,1,3.0689,3.86,22,26,25,10,1,1,1,0,1,1,84.43
18,0,20,0,4,4.012,32,30,31,9,0,1,1,0,1,1,86.89
19,10,6,1,3.3076,3.67,23,20,20,6,0,1,1,0,1,1,74.59
20,20,25,0,3.2395,2.908,22,24,20,8,0,1,1,0,0,0,68.85
19,0,8,1,2.3148,2.944,26,26,26,9,1,1,0,1,0,0,68.85
20,18,12.5,1,2.9215,3.277,22,22,25,8,1,1,1,0,0,0,84.43
20,25,14,0,2.3367,3.111,20,20,20,7,1,0,1,0,0,0,44.26
20,27.5,6,1,2.241,3.028,23,23,23,9,1,1,0,0,1,1,63.11
19,0,12,1,2.7118,3,16,18,19,9,0,0,0,1,0,1,70.49
21,0,15,1,2.25,2.861,19,20,19,5,1,1,0,1,0,1,82.79
20,30,10,0,2.5118,3.469,25,19,24,7,0,1,0,0,0,1,65.57
20,0,15,0,2.4534,3.305,26,25,25,9,1,0,0,0,1,1,63.11
19,17.5,27.5,0,3.1071,3.571,23,25,24,5,0,1,0,1,1,1,75.41
19,0,15,0,3.3437,3.444,25,24,24,7,0,0,1,0,0,1,74.59
21,20,16,1,2.65,3.139,20,23,20,9,1,1,1,0,0,0,67.21
20,15,12,0,2.5423,3.341,29,22,25,8,0,0,0,1,0,0,65.57
20,37.5,14,1,2.7549,3.85,28,26,26,7,0,1,1,0,1,1,48.36
20,0,25,0,2.2586,3.33,16,21,18,8,1,1,1,0,0,1,55.74
20,15,40,1,2.3725,3.019,25,18,23,7,1,1,0,1,0,1,54.1
19,0,6,0,2.173,3.2,24,24,25,9,1,1,0,1,1,1,79.51
19,0,20,0,2.8571,3.155,19,17,18,5,0,0,0,1,1,1,65.57
20,13,10,0,2.2058,2.768,23,20,23,5,1,1,0,1,0,0,77.05
19,20,8,0,2.4537,3.23,24,27,25,8,0,1,0,1,1,0,61.48
20,15,7,0,2.5729,3.787,29,30,30,10,1,1,0,0,1,0,74.59
20,15,10,0,2.9827,3.35,24,26,24,8,1,1,0,1,0,1,88.52
20,3,12,1,2.836,2.967,23,23,23,9,0,0,0,1,1,1,68.85
20,20,8,1,2.7539,3.076,,,,5,1,1,0,1,1,1,71.31
21,10,15,0,2.7193,2.94,19,21,21,7,1,1,1,0,1,1,62.3
20,15,10,1,2.7916,3.24,26,27,27,8,1,1,0,1,0,1,79.51
21,0,2.5,0,2.1304,3.211,26,27,28,9,1,1,0,1,0,0,69.67
20,10,7,0,2.88,3.474,22,24,22,10,1,1,1,0,1,1,67.21
20,15,20,0,1.9326,3.499,27,30,29,10,1,1,0,0,0,1,64.75
20,0,10,0,3.758,3.361,20,22,23,7,0,0,1,0,1,1,82.79
21,15,40,0,2.6057,2.65,23,29,25,7,1,1,0,1,1,1,74.59
20,0,10,0,3.0192,3.083,20,25,24,8,1,1,1,0,1,1,85.25
20,0,6.5,0,2.2282,2.861,16,18,18,6,1,0,0,0,1,0,64.75
20,0,20,0,2.4722,3.305,20,19,22,6,0,0,1,0,0,1,64.75
20,0,7.5,0,1.8039,3.245,13,18,17,8,0,0,0,1,0,0,65.57
20,0,12.5,0,2.8,3.382,24,29,28,5,1,1,1,0,1,1,73.77
20,0,10,1,2.4326,3.25,21,23,24,10,1,1,0,1,1,1,86.89
20,12.5,20,1,1.9803,3.158,31,33,30,9,1,1,0,0,0,0,78.69
19,10,10,0,3.1964,3.87,15,19,17,6,0,0,1,0,0,1,59.84
19,15,10,0,3.1666,3,26,26,25,8,0,1,1,0,1,1,86.07
20,10,7,0,1.9594,3.523,16,17,17,4,1,0,0,1,0,0,79.51
21,0,15,0,2.9426,3.436,22,24,24,7,1,1,0,1,1,0,70.49
20,10,20,1,3.5089,3.639,19,28,24,8,1,1,1,0,1,1,94.26
19,0,10,0,3.5645,3.633,25,20,24,6,0,0,1,0,1,1,77.87
19,0,10,0,3.5178,3.944,29,24,28,10,0,1,0,1,1,1,77.05
19,0,25,0,2.6551,3.229,24,20,21,1,0,1,0,1,0,0,77.05
18,0,12.5,0,3.6428,3.78,28,23,28,9,0,1,0,1,1,1,89.34
19,19,20,1,2.931,3.5,22,24,24,9,0,0,1,0,1,1,45.08
19,8,20,0,2.5517,3,23,25,26,9,1,1,0,1,0,1,81.15
19,0,6,1,2.3103,3.21,21,22,21,9,1,1,1,0,0,1,79.51
20,7.5,12.5,1,2.3673,2.943,17,14,17,4,0,0,0,0,0,0,49.18
20,13,5,1,3.2954,4.021,24,24,24,8,0,1,1,0,0,0,79.51
20,8,10,0,2.0118,3.315,20,24,22,10,1,1,0,1,1,0,71.31
20,0,20,0,3.5131,3.62,22,18,21,5,0,0,0,1,0,1,72.13
20,20,3,1,2.3979,3.476,21,23,24,9,1,1,0,1,0,0,59.84
20,0,25,0,2.4519,2.928,20,20,18,7,1,1,0,1,0,0,54.92
19,0,15,1,3.8653,3.786,24,24,24,7,0,1,1,0,0,0,79.51
19,20,6,0,3.6666,3.707,23,27,26,7,1,1,1,0,1,1,92.62
20,37.5,35,0,2.3272,2.963,17,18,17,6,0,1,0,1,0,1,42.62
20,0,23,0,2.6406,2.88,19,18,19,8,0,0,1,0,0,0,41.8
20,0,10,1,2.4824,2.631,19,17,18,8,0,1,0,1,0,0,61.48
20,10,20,1,3.29,3.078,,,,9,1,1,0,1,1,1,85.25
20,0,20,1,2.9482,3.839,25,27,26,9,1,0,0,1,1,1,81.97
19,20,5,1,2.9375,3.165,23,28,23,6,1,1,1,0,0,0,66.39
18,10,7.5,1,1.6296,3.13,18,19,17,8,0,0,0,1,0,0,36.89
19,0,15,1,2.75,3.972,28,29,26,9,1,1,0,1,0,1,88.52
20,17,10,1,2.6964,2.98,,,,9,1,1,0,1,1,1,86.07
19,15,4,1,2.0609,2.866,12,17,17,7,1,1,0,1,0,0,37.7
21,22.5,4,1,2.5731,2.678,20,23,21,10,1,1,0,1,1,1,69.67
19,0,20,0,3,3.085,,,,9,0,0,0,1,1,1,61.48
19,0,12,0,1.6458,3.135,24,25,24,9,0,1,0,1,1,1,68.03
19,15,10,0,2.5625,3.18,19,22,19,6,0,0,0,1,0,0,66.39
19,8,10,0,2.9107,3.376,23,22,23,8,0,1,1,0,0,1,61.48
19,30,6,0,1.8953,2.945,30,24,29,9,0,0,0,1,1,1,74.59
20,27.5,17.5,0,2.4038,3.451,24,31,28,9,1,1,0,1,0,0,59.02
19,30,12.5,1,2.7857,3.68,18,23,21,5,0,0,0,1,0,1,77.05
19,6,7,0,2.75,2.4,29,20,25,5,0,1,0,1,1,1,66.39
20,30,15,0,2.5254,3.527,20,25,22,8,0,1,0,0,0,0,80.33
19,10,16,1,2.413,2.9,20,19,19,8,0,0,0,1,1,0,71.31
19,0,16,1,2.075,3.038,13,19,16,8,1,1,1,0,1,1,68.85
19,20,17.5,0,1.7708,3.086,18,19,17,6,0,0,1,0,0,0,22.13
20,10,10,0,2.1153,3.649,25,29,26,9,1,1,0,1,1,1,68.03
19,0,8,1,3.1071,3.272,19,24,23,10,1,1,1,0,1,1,86.89
19,0,10,1,2.8275,3.783,26,23,26,9,1,1,1,0,0,0,78.69
19,8,10,1,3.1774,3.443,22,22,21,8,0,1,0,1,0,1,80.33
18,0,12,0,2.74,3.137,21,25,25,6,1,1,0,1,1,1,68.03
19,0,10,0,3.5,3.84,26,23,26,8,0,1,0,1,0,1,79.51
20,14,15,0,2.862,3.31,27,23,26,10,1,1,0,1,1,1,72.95
19,0,20,1,3.2903,3.131,18,22,20,8,1,1,1,0,0,0,93.44
20,0,8,0,2.75,2.355,18,16,19,8,1,1,0,0,1,0,72.13
19,0,25,1,1.9523,3.4,15,23,17,7,0,0,1,0,1,0,46.72
18,8,8,0,2.8571,3.209,26,23,25,10,1,1,0,1,1,1,81.15
19,0,20,0,3.537,3.794,27,24,22,9,0,0,0,1,1,1,71.31
19,15,20,1,2.8214,3.357,20,18,19,7,0,0,0,1,0,0,44.26
19,12.5,4,1,3.3275,3.68,18,24,21,10,1,1,0,1,0,0,84.43
19,0,20,1,2.9642,3.518,20,23,20,10,1,1,0,1,1,1,75.41
19,25,3.5,1,3.3035,3.306,24,25,25,9,1,0,0,1,1,0,71.31
18,10,16,0,2.1785,2.943,19,19,21,6,0,1,1,0,1,1,53.28
18,0,10,1,3.125,3.211,21,23,21,8,0,1,0,1,1,1,68.03
19,0,30,0,2.75,3.616,17,19,17,7,1,1,1,0,1,1,68.85
19,0,5,0,3.3064,3.925,25,22,23,8,0,1,1,0,1,0,88.52
20,0,17.5,0,2.9642,3.479,23,25,25,8,1,1,0,1,0,1,72.95
19,0,16.5,0,2.6935,3.583,21,23,19,9,0,1,1,0,1,1,77.05
19,15,17.5,0,1.8269,3.088,18,18,17,7,1,0,0,1,0,0,52.46
19,0,15,0,3.897,3.97,26,21,23,5,0,1,0,1,1,1,90.16
19,11,15,0,3.1296,3.62,19,20,19,4,0,0,0,1,0,1,77.05
19,12.5,15,0,2.1964,3.51,25,20,25,4,0,0,0,1,1,1,70.49
19,11,10,1,3.5312,3.263,23,25,26,1,0,0,0,1,1,1,68.85
19,0,6,0,2.6785,2.857,21,27,23,8,0,1,0,1,0,0,71.31
19,12,5,1,1.1041,3.556,19,22,23,9,1,1,0,0,1,1,58.2
19,12,12.5,1,2.9166,3.72,24,22,25,7,0,0,0,1,1,1,73.77
19,10,15,0,3.125,3.666,26,23,23,7,1,1,0,1,0,1,86.89
19,15,6,1,2.2,2.864,21,25,23,8,1,1,0,1,1,1,82.79
19,0,3,0,3.625,3.191,24,20,22,7,1,1,0,1,1,1,80.33
20,0,10,0,3.3833,3.355,18,22,20,8,0,1,0,1,1,1,80.33
19,30,10,0,2.25,2.936,21,24,20,9,1,1,0,1,1,1,63.11
19,20,12,1,2.8571,3.298,23,20,21,6,1,1,1,0,1,1,79.51
19,7.5,7,0,2.9375,3.029,22,20,20,10,0,0,0,1,1,1,39.34
20,15,40,0,3.1296,3.597,15,25,20,10,1,1,1,0,0,1,85.25
19,0,13.5,0,3.4827,3.269,26,20,23,5,1,1,0,1,1,1,60.66
20,15,20,0,3.375,3.694,24,24,23,9,1,1,1,0,1,0,72.95
19,0,20,0,2.96,3.108,25,24,24,10,1,1,0,1,1,1,85.25
19,5,10,1,3.3703,3.222,23,24,23,8,0,1,0,1,0,1,79.51
19,0,8.5,1,3.1551,3.213,22,25,23,9,1,1,0,1,0,0,76.23
19,10,20,1,3.1964,3.587,26,27,27,8,0,0,0,1,0,1,81.15
19,20,30,0,2.2241,3.42,26,20,26,7,1,0,1,0,0,1,68.85
19,0,2,0,2.3214,2.911,27,28,29,6,1,1,0,1,1,1,63.11
19,0,17.5,0,2.6785,3.017,21,23,22,7,0,1,0,1,1,0,75.41
19,0,17.5,0,2.7656,3.015,24,24,23,9,1,1,0,1,1,1,59.84
19,11,15,0,2.8666,4,27,29,27,10,0,1,0,1,0,1,91.8
20,16,15,0,2.7083,2.738,23,19,22,6,1,1,0,1,1,1,59.84
19,11.5,10,0,3.5208,3.472,19,27,22,9,1,1,0,1,0,1,82.79
18,5,5,1,2.3043,3,22,21,23,6,1,0,1,0,0,1,74.59
19,20,9,1,2.7173,3.574,26,26,24,10,1,1,1,0,0,0,60.66
19,20,25,1,3.375,3.486,19,24,20,6,1,1,1,0,1,1,75.41
19,18,9,0,2.7666,2.889,20,19,22,8,1,1,0,0,1,0,65.57
19,0,5,0,2.64,3.528,19,25,21,10,1,1,0,1,1,1,63.11
19,5,3,0,3.25,2.806,21,20,21,4,0,1,1,0,0,1,81.15
20,10,30,0,2.3035,3.216,20,19,18,6,0,0,1,0,1,0,70.49
18,0,12.5,1,2.7307,3.438,23,26,25,10,1,1,0,1,1,0,88.52
19,0,10,0,2.6128,3.446,22,21,22,8,0,1,0,1,1,1,73.77
19,0,20,1,2.9354,3.275,25,28,25,7,0,1,1,0,1,0,77.87
19,12,17.5,0,2.2285,3.75,24,23,24,9,0,1,0,1,1,1,61.48
19,0,10,0,3.1666,3.463,23,28,24,8,1,1,1,0,1,1,77.87
19,0,15,1,2.2727,3.028,17,17,18,5,0,0,1,0,1,1,78.69
19,22.5,15,0,2.4807,3.04,21,23,20,4,0,1,1,0,1,1,72.95
19,20,20,0,2.8833,3.43,15,25,22,9,1,1,1,0,0,1,77.05
19,13,20,0,2.2799,2.883,18,17,19,7,1,1,1,0,0,0,47.54
19,0,20,1,2.4827,3.129,22,17,23,10,1,1,0,1,0,1,60.66
19,0,9,0,3.6,3.529,24,28,24,9,1,0,1,0,0,0,89.34
19,10,15,0,3.4821,3.589,27,24,25,6,0,0,0,1,0,1,65.57
19,15,10,1,3.2758,4.198,21,27,24,9,0,1,0,1,0,1,86.07
19,0,20,1,3.6607,3.675,19,22,19,9,1,0,1,0,0,0,82.79
19,0,9,1,3.4827,3.319,23,22,24,8,1,0,0,1,1,1,77.87
19,0,15,1,2.32,2.838,25,21,24,8,0,1,0,1,1,0,59.84
19,0,27.5,1,3.3392,3.92,21,20,21,7,1,1,1,0,1,1,81.97
19,15,15,1,2.6896,3.5,21,21,22,6,0,0,1,0,1,1,60.66
19,20,20,0,1.8695,3.233,17,19,17,7,0,0,0,0,0,1,34.43
19,4.5,25,1,3.7857,3.281,19,21,21,6,1,0,1,0,0,0,86.89
19,0,6,0,2.8333,3.126,20,20,20,8,1,1,1,0,1,1,80.33
19,0,40,1,3.7069,3.993,25,25,26,9,0,1,1,0,0,1,89.34
18,0,10,0,2.6128,3.486,22,22,23,8,0,1,1,0,1,1,69.67
19,10,10,0,3.8653,3.537,21,24,22,6,0,0,1,0,0,0,89.34
19,10,2,0,2.02,2.861,15,20,20,8,1,0,0,1,0,1,61.48
19,0,10,0,2.6128,3.49,29,20,26,8,0,1,0,1,0,0,78.69
19,0,12,0,2.7777,3.171,19,22,20,10,1,0,0,1,0,0,73.77
19,18,20,0,2.1666,2.778,18,19,18,8,0,1,0,1,0,0,34.43
19,5,6,1,2.8392,2.944,22,20,21,8,1,1,1,0,0,0,68.03
19,0,25,0,3.5161,3.763,24,31,30,9,1,0,1,0,0,1,94.26
19,0,12,0,1.9807,3.241,26,26,25,9,1,1,0,1,1,1,82.79
19,18,10,1,2.7777,3.367,23,22,24,8,1,1,0,1,1,1,77.87
20,0,15,0,2.1818,3.605,27,28,28,10,1,1,0,1,0,1,66.39
19,0,25,1,2.4677,3.31,23,22,24,8,0,0,0,1,0,0,68.85
19,12.5,42.5,0,2.3125,3.342,20,22,20,8,0,1,0,1,1,1,69.67
19,20,12,1,1.9137,2.895,15,19,17,9,1,0,1,0,1,1,63.11
18,13,24,0,3.9482,3.911,27,26,26,10,0,1,1,0,0,0,93.44
19,8,15,1,3.4833,3.953,18,22,19,9,1,1,1,0,0,0,83.61
19,12,5.5,0,3.6333,3.51,27,27,28,10,1,1,1,0,1,1,84.43
18,0,7,0,3.7083,3.697,27,27,26,10,1,1,0,1,1,1,86.07
19,30,8,0,3.2321,3.639,29,25,27,8,0,1,1,0,0,0,86.89
19,16,0,0,2.8928,3.138,17,19,18,9,1,1,1,0,1,1,63.93
18,0,14,0,2.574,3.08,20,20,20,4,0,0,1,0,0,1,50
18,15,12.5,0,2.7586,3.368,22,23,22,10,0,1,0,1,1,1,73.77
20,0,27.5,0,3.5,3.88,22,28,20,8,1,1,1,0,0,1,82.79
19,17.5,12.5,0,2.25,3.555,20,24,24,10,1,1,1,0,1,0,68.85
19,0,20,0,1.4666,3.15,24,19,22,6,1,0,0,1,1,1,46.72
19,0,5,0,3,3.277,22,24,23,8,0,0,0,1,1,1,77.05
19,0,14,1,3,2.833,22,25,23,8,1,1,1,0,0,1,77.05
19,0,10,0,2.625,3.431,20,22,20,7,1,0,0,1,0,1,65.57
19,11,12,0,2.2222,2.99,23,19,22,8,1,0,0,0,0,0,76.23
19,27,11,0,3,3.28,24,24,26,8,1,1,0,1,0,0,75.41
19,15,15,1,2.4,2.855,18,25,19,9,0,1,0,1,0,1,63.93
19,8,5,0,2.94,3.963,34,30,33,10,0,1,0,1,0,1,72.13
18,12.5,10,0,3.2758,3.56,25,23,25,8,0,0,1,0,0,0,75.41
19,17.5,7,0,2.8518,3.194,23,23,24,10,1,0,0,1,1,1,62.3
19,0,25,0,3.4629,3.694,25,23,26,9,0,1,0,1,1,1,77.05
19,0,25,1,1.3043,3.315,20,17,20,4,1,0,0,1,0,0,45.08
19,10,12,0,3.0862,3.549,26,27,26,7,1,1,0,1,0,1,83.61
19,0,10,0,3.2096,3.61,23,26,23,9,0,1,0,1,0,1,77.05
19,11,12,1,2.7069,3.695,24,24,24,7,0,1,0,1,0,1,66.39
18,4.5,17.5,0,3.2222,3.458,27,25,28,9,0,1,0,1,0,1,72.95
20,10,6,0,2.625,3.46,20,23,24,6,1,1,0,0,0,1,80.33
18,18,16,1,2.0757,3.761,25,30,25,4,0,1,1,0,0,0,94.26
19,0,10,0,3.0892,3.416,29,27,26,9,1,1,0,1,0,1,73.77
18,20,20,0,3.5666,3.542,29,28,26,7,0,1,1,0,1,1,86.89
19,16,10,0,1.8076,3.61,22,20,21,10,1,1,0,1,0,0,72.95
19,13.5,7.5,1,2.0178,3.538,19,20,22,5,0,0,0,1,0,0,61.48
19,18,5,0,2.8214,3.394,21,22,25,9,1,1,0,1,1,1,64.75
19,0,15,0,2.5714,3.445,24,20,24,6,0,1,0,1,0,1,58.2
19,0,37.5,0,3.2419,3.48,23,25,24,6,0,1,0,1,1,1,67.21
19,0,37.5,0,2.8518,3.185,20,18,20,9,0,0,0,1,0,1,65.57
19,0,12,1,2.8103,3.236,18,26,20,9,0,0,0,1,0,1,72.13
19,20,17,1,3.375,3.98,21,29,24,10,1,1,0,1,1,1,86.07
19,0,20,1,3.5178,3.797,24,20,25,9,1,1,0,1,0,1,86.07
19,8,8,1,2.5,3.4,22,20,21,9,0,0,1,0,0,0,57.38
19,12,15,0,2.3035,2.97,21,16,20,10,1,0,0,1,1,1,75.41
20,0,17.5,0,3.2069,3.343,24,22,22,8,1,1,1,0,1,1,86.07
19,20,22.5,0,2.9285,3.2,,,,10,1,1,0,1,0,0,61.48
19,8,10,0,3.1428,2.99,20,16,20,8,1,1,0,1,0,1,77.05
19,0,17.5,0,2.4642,3.058,21,23,22,8,0,1,0,1,1,1,75.41
19,0,24,1,1.931,2.48,21,17,19,7,0,0,0,1,0,1,45.9
19,14,15,1,2.6551,3.379,27,27,27,10,1,1,0,1,1,1,73.77
19,10,20,1,3.2419,3.11,,,,9,1,1,1,0,1,1,72.13
19,0,25,0,3.0344,3.369,,,,10,1,1,0,1,1,1,92.62
19,0,12,1,2.4583,2.567,21,19,21,6,1,1,1,0,1,1,73.77
19,16,25,0,2.8387,3.42,22,32,27,9,1,1,0,1,0,1,76.23
19,10,17.5,1,2.1296,3.1,25,22,23,8,1,1,0,1,1,1,72.13
19,0,15,0,3.3148,3.417,20,22,21,8,1,0,0,1,1,0,86.89
19,0,5,1,2.6538,2.848,20,24,22,8,1,1,0,1,1,1,76.23
19,10,17.5,0,3.5344,3.439,22,23,23,8,0,1,1,0,0,0,87.7
19,0,20,1,3.52,4.016,25,29,29,8,1,0,0,1,1,1,85.25
19,17.5,12.5,0,2.5714,3.92,28,30,28,9,0,1,0,1,0,0,69.67
19,32.5,10,0,3,3.443,22,24,20,9,0,1,1,0,1,0,62.3
19,20,10,1,3.0147,3.678,27,24,25,9,0,1,0,1,1,1,86.89
20,11,10,1,2.5714,3.192,20,20,22,4,0,0,0,1,1,1,61.48
19,0,5,0,2.8103,3.333,22,28,27,10,1,0,0,1,0,1,71.31
19,10,15,0,3.0185,2.671,22,18,19,9,0,0,0,1,0,1,68.03
19,0,10,0,2.8958,2.889,18,18,18,4,0,1,0,1,1,1,77.87
19,15,43,1,3.6911,3.87,24,26,25,10,0,1,1,0,1,0,86.89
19,0,20,0,2.85,3.305,22,30,25,10,1,1,0,1,1,0,64.75
19,0,20,0,3.3448,3.445,22,20,21,6,0,0,1,0,1,1,85.25
19,11,5,0,3.8461,3.56,28,25,27,10,1,1,1,0,0,0,84.43
19,10,8,0,2.4107,3.153,24,20,22,7,1,1,0,1,0,1,83.61
19,12.5,5,0,3.106,3.222,18,21,20,6,0,1,1,0,0,1,74.59
19,0,12.5,0,2.5535,3.027,22,24,25,9,0,1,0,1,1,1,72.95
19,0,12,1,3.2941,3.489,22,21,23,8,0,1,0,1,1,0,80.33
19,17.5,20,0,3.2241,3.282,20,18,22,8,0,1,0,1,0,1,73.77
19,0,30,0,1.75,2.903,24,24,24,7,1,0,0,1,1,1,70.49
19,20,20,0,2.7321,3.138,20,23,22,8,1,1,0,1,0,0,62.3
19,12,7,0,2.85,3.276,20,20,19,8,1,1,1,0,0,0,78.69
19,0,10,0,1.8448,3.117,19,20,23,6,1,1,0,1,1,1,40.16
19,10,10,0,3.1785,3.636,22,22,23,8,1,1,1,0,0,1,83.61
19,0,15,0,3.0555,3.51,22,20,22,8,0,1,0,1,1,0,87.7
19,10,10,0,3,3.605,27,30,27,9,1,1,0,1,0,1,75.41
19,6,3,1,2.3571,3.044,19,27,22,9,1,0,0,1,0,0,61.48
20,20,7.5,0,2.9827,3.121,22,29,26,10,0,1,0,1,1,1,72.95
19,0,3,0,2.4791,3.01,23,31,28,10,1,1,0,1,0,1,76.23
18,0,10,0,2.6666,3.06,26,22,21,6,1,0,0,1,0,1,59.84
19,0,10,1,2.04,3.34,17,17,20,8,0,0,0,1,0,1,60.66
19,0,6,1,2.8571,3.343,28,26,27,8,1,1,0,1,1,1,90.16
19,0,5,0,2.6034,2.982,16,21,20,8,1,1,0,1,1,1,67.21
19,0,28,0,3.8035,3.927,17,27,23,8,0,1,1,0,0,1,86.89
18,0,22.5,0,2.25,3.5,22,18,20,8,1,1,1,0,1,1,68.85
19,29,10,1,1.4074,2.611,17,18,16,7,1,0,0,0,0,1,46.72
19,12,6,0,2.7142,3.104,28,24,30,8,1,1,0,1,0,1,63.11
19,0,5,0,2.4666,3.265,,,,8,1,1,0,1,0,1,49.18
19,13,11,0,3.1875,3.635,25,24,26,9,1,1,0,1,0,1,86.89
19,0,14,1,2.3666,3.065,22,20,21,7,0,1,1,0,0,1,55.74
19,0,7,0,1.923,2.95,22,21,22,8,1,0,0,1,1,1,71.31
19,0,10,1,2.25,3.058,23,17,21,5,0,0,0,0,1,1,53.28
19,0,14,1,2.3478,2.978,23,19,22,8,1,1,1,0,0,0,75.41
18,0,15,0,3.6724,3.26,19,20,19,8,0,0,0,1,0,1,72.13
19,4,7,1,3.1034,3.667,21,24,23,9,1,1,0,1,1,1,73.77
19,10,30,0,3.4464,3.503,22,20,22,7,0,0,1,0,1,1,60.66
19,0,25,0,3.9285,3.972,24,26,26,9,1,1,1,0,1,0,95.08
19,0,10,0,2.4814,3.324,25,20,22,8,0,0,0,1,0,0,63.93
19,0,27.5,1,2.9189,3.394,22,22,25,8,0,1,1,0,1,1,60.66
19,0,20,0,2.0192,3.171,21,22,23,9,1,1,0,1,0,0,56.56
19,0,27.5,0,3.58,3.256,24,18,23,7,0,0,0,1,1,1,68.85
19,0,11,0,2.8035,3.26,20,23,25,8,1,1,0,1,1,1,78.69
19,0,15,1,2.75,3.727,,,,7,0,1,0,0,1,1,56.56
19,0,10,1,2.0909,3.531,27,21,23,7,1,0,0,1,1,1,71.31
19,0,10,0,2.8035,2.885,20,24,23,9,1,1,1,0,0,1,77.87
19,32.5,7.5,1,3.2069,3.69,23,23,22,7,0,0,1,0,0,1,77.87
19,0,3,1,2.9821,3.715,23,24,23,5,1,0,0,0,0,1,68.85
19,0,15,0,2.4464,3.14,28,22,24,5,1,1,1,0,0,0,56.56
19,5,21,0,3.3653,3.675,30,21,26,7,0,0,0,1,0,1,76.23
19,12,12,0,2.14,2.885,21,19,21,7,0,0,0,1,1,1,72.13
19,14,17.5,1,2.875,3.536,20,19,21,5,1,1,0,0,1,0,56.56
19,12.5,27.5,0,2.6333,2.92,,,,0,0,0,0,1,1,1,85.25
19,7,12.5,0,3.7424,3.972,28,33,31,8,1,1,0,1,1,1,94.26
19,0,10,0,2.3333,3.593,20,22,21,9,0,1,0,0,1,1,74.59
19,20,5,0,3.3871,3.157,25,25,27,9,0,0,0,1,1,1,72.13
19,0,7,0,2.84,3.194,25,24,22,6,1,1,0,1,1,1,69.67
19,0,15,0,2.7916,2.914,,,,5,1,0,0,1,0,1,75.41
19,0,10,0,3.3906,3.3,,,,9,0,1,0,1,0,1,74.59
19,0,25,1,3.0357,3.053,20,20,18,7,0,1,1,0,1,1,67.21
19,27,10,1,1.9464,3.194,24,28,25,10,1,1,0,0,1,0,71.31
19,0,6.5,1,2.6111,3.23,21,20,21,8,0,1,0,1,0,1,59.02
19,10,15,1,3.7321,3.865,24,26,25,10,0,1,1,0,0,0,83.61
19,0,4,1,2.9305,3.151,,,,6,0,0,0,0,1,1,78.69
19,0,12,1,3.2758,2.38,20,19,20,6,1,0,0,1,0,0,80.33
19,0,20,0,2.6666,3.558,28,24,25,9,0,1,0,1,1,1,59.02
19,0,10,0,2.3333,3.286,,,,8,0,0,0,1,1,1,60.66
19,9,15,1,2.0689,3.47,23,18,22,5,0,0,0,1,0,0,71.31
19,29,30,1,3.0357,3.65,,,,10,0,1,0,1,0,0,44.26
19,6.5,9,0,1.8928,2.878,14,22,17,6,1,1,0,1,0,0,61.48
19,0,17.5,1,1.6956,3.111,27,26,25,7,1,0,0,1,1,1,72.95
19,0,10,0,2.75,2.891,21,19,21,9,0,1,0,1,1,1,58.2
19,15,10,0,2.9166,3.629,,,,8,0,0,0,1,1,0,71.31
19,0,25,0,3.74,3.942,,,,10,0,1,1,0,0,1,90.16
19,0,10,1,3.1666,3.405,25,22,24,8,1,0,0,1,1,1,80.33
19,7,10,0,2.66,3.125,21,23,21,5,1,1,1,0,0,1,75.41
19,0,15,0,2.6666,2.76,17,26,22,10,1,1,1,0,1,1,67.21
19,21,20,0,2.94,3.428,21,27,22,8,0,1,0,1,0,0,84.43
19,6,18,0,2.6724,2.864,27,22,26,5,0,0,0,0,1,0,46.72
18,35,6,0,2.4827,2.657,20,20,20,6,0,0,1,0,0,0,54.1
19,0,25,0,1.9516,3.171,23,18,19,6,0,0,0,1,1,1,59.02
19,13,11,1,2.8666,3.638,22,29,24,7,1,1,0,1,1,1,76.23
19,0,8,0,3.125,3.2,25,22,23,8,1,0,1,0,1,1,72.95
19,5,6,0,2.4821,2.945,17,24,20,9,0,1,1,0,1,1,50.82
18,20,6,0,3.1785,3.722,23,23,26,10,0,1,0,0,0,0,72.13
19,0,0,1,2.3392,2.863,21,18,20,4,1,0,0,1,1,1,70.49
19,0,2,1,1.9444,2.636,19,18,19,5,1,0,0,1,1,0,68.03
19,0,10,0,1.8965,3.305,21,21,20,7,0,0,1,0,0,0,78.69
20,0,4,0,2.4464,2.463,16,19,17,10,1,1,0,1,1,1,61.48
19,15,6.5,0,3.074,3.209,27,25,26,8,0,0,0,1,0,0,74.59
19,0,10,1,2.7413,2.85,,,,8,0,0,1,0,0,1,65.57
18,10,7.5,0,3.1666,3.389,20,26,24,9,0,1,0,1,1,0,83.61
19,20,12.5,0,2.4655,3.008,,,,7,1,1,0,1,0,1,58.2
18,16,25,1,2.8125,3.394,,,,9,0,0,0,1,1,1,71.31
19,15,12,0,2.375,3.07,,,,10,0,1,0,1,1,1,63.11
19,0,8,0,3.3157,3.11,18,30,20,9,1,0,1,0,1,1,77.87
19,0,8,1,2.0192,3,25,18,23,3,0,0,1,0,0,1,47.54
19,0,10,1,3.4833,4,,,,8,0,0,1,0,0,0,70.49
19,17,20,1,2.9,3.116,17,16,18,4,1,0,1,0,0,1,69.67
19,22.5,25,0,3.625,3.793,22,25,22,9,0,1,1,0,1,1,67.21
24,30,17.5,1,2.4056,2.884,19,19,19,5,0,1,1,0,0,1,75.78
20,9,8,1,2.7857,3.916,26,26,24,8,0,1,0,1,0,0,67.19
20,25,30,0,1.9375,3.312,18,22,20,8,0,1,0,1,0,0,55.47
22,0,10,1,2.7226,3.452,25,26,26,10,0,1,0,0,0,0,87.5
21,6,6,0,2.7554,3.194,25,29,28,10,1,1,0,0,1,1,82.03
21,13,30,1,2.3835,3.263,24,23,22,7,0,1,1,0,0,0,68.75
21,35,20,0,2.0542,2.953,20,17,20,1,1,0,0,0,1,0,57.03
21,0,8,0,3.018,3.373,22,23,23,7,1,0,0,1,1,1,72.66
21,0,20,0,2.4864,3.791,25,27,25,8,1,1,0,1,1,1,82.03
20,0,17.5,1,2.4485,3.053,19,22,19,10,1,1,1,0,0,0,79.69
20,0,10,1,2.9545,3.589,28,31,32,10,1,1,0,0,1,1,75.78
20,0,10,0,2.5625,3.11,15,17,16,7,0,0,0,1,0,1,58.59
20,22.5,12.5,1,2.5584,3.14,17,26,21,6,0,1,1,0,0,0,82.03
21,0,15,0,2.9602,3.79,28,22,26,9,1,1,0,1,1,1,70.31
21,29,7,0,2.4074,2.623,21,22,23,7,0,1,0,1,0,0,58.59
21,32,15,1,1.6896,3.25,,,,8,1,1,0,0,1,1,71.09
20,30,6,0,3.492,3.074,22,20,23,5,1,0,1,0,1,1,79.69
20,6,17.5,0,2.7777,3.528,25,26,23,10,0,1,1,0,0,1,66.41
21,24,15,1,2.2812,2.77,24,32,25,10,1,1,0,0,1,1,87.5
20,0,12.5,0,1.8593,3.256,19,17,18,5,0,0,0,1,1,0,60.16
20,15,12.5,1,3.6428,3.844,23,25,26,6,0,1,0,1,1,1,77.34
21,10,10,0,3.1632,3.5,24,29,25,10,1,1,0,1,1,1,89.06
20,0,30,1,2.9224,2.846,23,21,22,7,0,1,0,1,0,1,82.03
20,25,8,0,2.8363,3.684,27,25,29,10,0,1,0,1,1,0,78.13
20,20,5,0,3.6724,3.691,29,28,28,8,0,1,0,0,0,1,93.75
21,12,12.5,0,2.7363,3.469,20,22,20,5,0,1,0,1,0,1,58.59
20,0,27.5,1,3.5307,3.63,26,23,25,8,0,1,1,0,1,1,86.72
20,11,11,1,3.0588,3.861,24,21,24,9,0,0,0,0,0,0,60.16
19,20,10,0,2.5543,2.453,24,20,24,7,0,0,0,0,1,1,69.53
20,15,20,1,2.2291,3.076,18,19,20,7,0,0,1,0,1,0,51.56
20,10,6,0,2.0769,2.778,15,21,15,9,1,1,0,1,1,1,44.53
20,27.5,8,0,2.6727,2.965,18,20,21,4,1,0,0,1,1,0,57.81
20,0,25,0,3.4745,3.235,23,21,22,7,0,1,1,0,1,0,94.53
19,0,15,0,2.3365,3.471,23,22,21,7,0,1,1,0,0,0,59.38
20,15,25,0,3.5793,3.161,16,20,18,7,1,0,1,0,1,1,96.09
20,12,10,0,2.8467,3.19,24,22,22,9,1,1,0,0,0,1,76.56
20,13,30,0,3.0636,2.972,23,29,23,10,0,1,0,0,0,0,86.72
20,0,20,0,3.5555,3.837,24,25,23,10,1,1,1,0,1,1,93.75
20,0,5,0,2.1734,2.88,26,31,29,10,1,1,0,1,1,0,92.19
20,0,11,0,2.8043,3.53,20,25,24,10,1,1,0,1,0,0,75
20,12,15,0,3.75,3.69,29,30,28,8,1,1,0,1,1,1,94.53
20,0,20,0,2.8965,3.358,24,25,24,9,1,0,0,1,0,0,93.75
20,10,5,0,3.3771,3.133,24,23,23,6,1,1,0,1,0,1,89.06
20,35,5,1,3.2244,3.778,30,31,32,10,1,1,0,1,0,0,81.25
20,25,15,1,2.8474,3.606,31,25,31,8,0,1,0,1,0,0,53.91
20,16,5,0,2.4074,3.05,26,19,23,8,0,0,0,1,1,0,78.91
20,30,5,0,3.2916,3.236,20,24,22,10,0,0,0,0,0,0,59.38
19,0,20,0,2.625,3.31,24,30,25,10,1,1,0,1,0,0,61.72
19,8,20,1,2.25,3.27,27,17,23,6,0,0,1,0,0,0,53.91
19,15,20,0,2.9583,2.67,23,30,26,10,1,1,0,1,1,1,85.16
18,0,2.3,1,2.75,3.393,22,21,21,9,1,1,0,0,1,0,58.59
20,22.5,10,0,3.241,3.854,20,23,23,8,1,1,0,1,1,0,87.5
21,15,7,0,2.051,3.17,24,20,20,9,1,1,1,0,1,0,57.81
20,17,15,1,3.2539,3.962,20,27,22,9,1,1,1,0,0,0,92.19
20,0,7,1,2.8508,3.917,22,20,21,7,1,1,0,1,1,1,89.84
20,13.5,12.5,0,2.3333,3.264,23,24,23,8,1,1,0,0,0,1,86.72
19,0,16,0,3.3392,3.269,24,17,24,8,0,0,1,0,1,1,85.94
19,0,21,1,3.4629,3.757,19,21,21,10,0,1,0,1,1,1,71.88
19,0,2,0,3.8448,3.714,31,28,31,10,1,0,0,1,1,1,94.53
21,0,20,0,3.1851,3.281,15,16,16,10,1,1,1,0,1,1,58.59
19,0,8.5,0,2.9285,3.51,28,25,29,7,1,0,0,0,1,1,74.22
18,10,10,0,2.9285,3.278,23,24,21,9,0,1,0,1,1,1,50
20,16,28,1,1.9512,3.14,14,18,17,7,0,0,0,1,0,1,50
20,17,4,1,1.8278,3.277,21,20,21,7,1,0,0,1,1,1,48.44
21,0,12,0,1.9607,2.51,15,16,18,5,1,1,0,1,1,1,47.66
20,15,6,1,3.0254,3.556,22,21,22,6,0,1,1,0,0,1,85.94
20,0,10,1,2.629,3.372,20,21,21,6,0,0,0,1,0,0,52.34
19,0,11,0,3.3392,3.56,24,25,25,8,1,0,0,0,1,1,79.69
20,8,18,0,2.5744,2.767,23,24,24,9,1,1,0,1,1,1,78.91
18,37.5,8.5,0,3.3871,3.7,28,24,27,8,0,0,0,1,0,0,83.59
20,16,12,1,2.8125,3.151,24,22,23,7,0,0,0,1,1,1,75
19,0,15,0,3.1034,3.611,27,25,26,8,0,1,0,1,1,1,84.38
19,12,20,0,3.1206,3.667,22,19,23,8,0,1,1,0,0,0,93.75
19,13,25,0,3.3928,3.5,22,26,23,9,0,1,1,0,1,1,80.47
19,0,20,1,3.5,3.81,25,28,25,9,0,1,1,0,0,0,82.03
20,0,10,0,2.0777,3.18,18,17,17,6,1,0,0,1,1,0,43.75
18,0,10,0,2.46,3.3,28,24,25,7,0,1,0,1,0,0,88.28
19,20,25,1,2.0714,3.166,19,19,22,7,0,1,1,0,1,0,53.91
19,11,10,1,2.5454,3.285,26,22,23,8,0,1,0,1,0,0,78.13
19,0,4,1,2.6724,3,26,20,24,8,1,1,0,0,1,1,69.53
19,10,10,1,2.95,3.447,24,19,21,6,1,0,0,1,1,1,77.34
19,30,17.5,1,2.6166,3.21,21,27,26,8,1,1,0,1,0,0,82.03
19,11,12.5,1,2.7857,3.68,23,19,21,6,0,1,0,1,0,0,66.41
19,12.5,5,0,2.3636,3.256,29,26,31,10,1,0,0,0,1,1,48.44
19,0,15,0,2.5535,3.208,22,20,21,9,1,1,1,0,0,0,77.34
19,0,8,0,2.7413,3.08,30,25,29,7,1,1,0,1,1,1,67.97
19,5,16,1,2.9655,3.214,,,,9,1,1,0,1,1,1,87.5
19,0,10,0,3.56,3.302,24,24,22,9,1,0,1,0,0,0,83.59
19,35,12,0,2.9464,4,23,28,22,10,0,1,0,1,0,0,89.84
20,17.5,12.5,0,2.5357,2.816,24,22,21,8,0,0,0,1,1,1,47.66
19,0,6,0,3.8214,3.99,27,28,29,10,0,0,0,1,1,1,86.72
19,0,16.5,0,2.7142,2.97,24,23,24,7,1,1,0,1,1,1,68.75
19,0,14,1,3.7419,3.575,29,25,30,8,0,0,0,1,0,1,57.03
19,0,22.5,0,3.0892,2.89,23,17,20,8,0,0,0,1,0,1,78.13
19,0,10,0,3.5,3.676,27,25,26,7,0,0,0,0,1,1,89.06
19,6.5,9,1,2.7656,3.262,20,24,22,7,0,1,0,1,1,1,64.84
19,0,20,0,3.4285,3.17,,,,8,1,1,1,0,0,1,67.97
19,0,12.5,1,3.2777,3.412,,,,10,1,1,0,0,1,1,83.59
19,0,20,1,3.4482,3.138,26,19,23,8,1,1,1,0,1,1,69.53
19,16,18,0,3.7678,3.94,28,22,27,8,0,1,1,0,1,0,88.28
19,15,10,1,2.3653,3.31,19,21,20,7,0,0,0,1,0,0,45.31
19,10,10,0,3.1896,3.966,31,23,26,8,0,0,0,1,1,0,65.63
19,0,15,1,3.6538,3.147,24,19,24,9,1,1,1,0,0,0,93.75
20,0,5,1,3,3.659,22,24,24,6,1,1,0,1,0,1,79.69
19,8,10,0,2.9137,3.057,23,22,22,9,1,1,1,0,0,1,82.81
20,0,7,1,2.673,3.161,16,23,21,6,1,0,0,1,0,1,63.28
19,33,12,0,2.9333,3.425,20,23,21,8,0,1,0,1,1,1,70.31
20,10,5,1,3.9285,4.06,28,23,25,10,0,1,0,0,0,0,75.78
18,0,10,0,3.54,3.444,17,23,21,6,0,1,0,1,0,0,92.19
19,18,15,0,2.3928,3.561,19,20,21,4,1,1,0,0,1,1,71.88
19,12.5,4.5,1,3.4,3.794,20,24,23,8,0,1,0,1,1,1,83.59
19,20,7,1,1.7407,3.59,25,20,25,9,1,1,0,0,1,0,54.69
19,17.5,17.5,0,2.3214,3.305,21,26,24,6,0,1,0,0,0,1,87.5
19,12,5,0,2.875,3.774,31,28,29,10,1,0,0,0,1,0,82.03
20,10,20,1,2.2692,3.16,22,21,21,6,1,1,0,0,0,0,64.84
19,0,18,0,3.0227,3.514,30,19,24,6,0,0,0,1,1,1,82.03
19,0,14,0,3,2.429,21,19,20,6,1,1,0,1,0,1,75.78
19,0,30,1,3.4642,3.5,20,27,22,9,1,1,1,0,1,1,74.22
18,13,16.5,0,2.9821,3.787,23,20,23,9,0,1,1,0,0,1,83.59
19,12,6,0,3.8103,3.824,23,26,25,9,0,0,0,1,1,1,87.5
19,17.5,11,0,2.3518,3.333,26,19,23,6,0,1,0,1,1,1,78.13
18,0,15,0,2.75,3.311,25,24,24,7,0,1,0,1,0,1,61.72
19,0,20,1,3.6875,3.908,28,27,28,7,1,1,1,0,0,1,87.5
19,0,18,1,3.7678,3.39,22,22,22,7,1,0,1,0,0,1,89.06
19,0,1,0,2.8571,3.649,29,30,29,9,1,0,0,0,1,1,81.25
19,0,8,1,3.431,3.292,23,26,26,9,1,1,1,0,0,1,79.69
19,10,35,0,3.4655,3.83,25,21,23,9,0,0,1,0,1,1,87.5
19,20,10,0,2.6428,2.917,20,22,22,8,0,0,0,1,0,0,67.19
19,22.5,35,0,3.7619,3.172,24,27,25,9,1,0,1,0,0,0,89.84
19,0,0,1,3.3846,3.571,22,26,24,9,1,1,1,0,1,0,88.28
19,0,10,0,2.5,3.189,21,25,22,8,0,0,1,0,0,0,64.84
19,0,10,0,2.8703,3.372,24,27,27,9,1,1,0,1,0,0,72.66
19,0,15,0,3.5,3.67,26,30,28,10,1,1,0,1,1,1,86.72
18,10,6,1,2.2931,3,17,18,18,4,0,0,0,1,0,0,45.31
19,15,7.5,1,2.9074,3.5,16,29,22,8,1,1,1,0,1,0,83.59
19,18,8,1,2.2826,2.653,19,20,21,8,1,0,0,1,1,0,55.47
19,10,6,0,2.6071,3.247,23,23,24,5,0,0,1,0,1,1,53.13
20,36,12,1,3.629,3.85,21,19,22,7,0,1,1,0,0,0,75
19,0,21,0,2.7857,3.535,20,20,22,9,0,1,0,1,0,0,77.34
19,0,14,0,2.6481,2.875,26,23,26,4,0,0,0,1,1,1,72.66
19,0,20,1,2.6785,3.29,20,22,20,9,1,1,1,0,0,1,78.91
19,0,27.5,0,2.9827,3.635,26,24,27,8,0,0,0,1,1,1,75
19,0,15,0,3.4827,3.426,23,29,28,8,1,1,1,0,1,1,94.53
19,4,9,0,3.074,3.5,30,29,31,7,1,1,0,0,1,1,60.16
19,0,30,0,2.4782,3.37,19,18,19,6,0,0,0,1,1,1,58.59
19,0,20,0,2.4814,3.41,19,22,20,7,0,0,0,1,1,0,60.94
19,0,3,1,3.4821,3.75,24,27,26,9,1,1,0,0,1,1,89.84
18,3,40,0,2.625,3.361,26,26,25,4,0,1,0,0,1,0,87.5
18,0,12.5,0,1.6538,3.374,25,25,24,9,1,1,0,0,1,0,61.72
19,0,5,0,2.4259,2.91,25,28,28,9,1,1,0,0,0,1,58.59
19,0,2,1,2.1128,2.75,25,27,26,10,1,1,0,1,1,1,66.41
19,0,27.5,0,3.3833,3.527,27,23,25,9,0,0,1,0,1,1,71.09
19,11,12.5,0,1.9074,3.282,21,26,24,7,1,0,0,0,1,1,35.94
19,0,13.5,0,2.6875,3.6,24,28,29,10,0,1,0,1,0,1,89.06
19,15,10,0,2.8166,2.931,17,20,18,6,0,0,0,1,0,0,63.28
19,0,10,1,3.6071,3.694,26,25,28,9,1,1,0,1,0,1,75
19,14,5,0,2.4107,2.927,25,29,25,7,1,1,0,1,0,1,85.16
19,15,15,0,3.1607,3.231,18,23,20,8,1,0,0,1,0,0,78.13
19,11,8,0,3.5294,3.58,20,17,18,7,0,1,1,0,0,0,82.03
19,11,5,1,3.48,3.568,26,23,25,8,1,1,0,1,1,1,86.72
19,17.5,15,1,3.3214,3.18,19,25,21,7,0,1,0,1,0,0,75.78
19,15,12,0,3.5,3.583,26,30,27,10,0,1,0,1,1,0,80.47
19,0,14.5,0,2.3035,3.77,24,25,23,8,0,1,0,0,1,0,80.47
19,0,12.5,1,3.3653,3.875,25,29,27,10,0,1,1,0,0,1,78.13
19,17,20,1,3.5666,3.569,18,22,18,10,0,1,1,0,1,0,84.38
19,10,13,0,2.7037,3.444,15,19,17,7,1,1,1,0,0,0,86.72
20,0,15,0,3.3035,3.094,26,28,25,10,0,0,0,1,1,1,77.34
19,20,8.5,0,2.5178,3.066,23,25,23,9,0,0,1,0,1,1,69.53
19,0,6,0,2.7678,2.916,20,22,25,2,1,0,0,1,1,1,77.34
19,0,10,0,2.6128,3.487,24,24,26,10,1,1,0,1,0,0,68.75
19,0,8,1,2.2321,3.103,23,27,25,7,1,1,0,1,1,1,61.72
19,17.5,12.5,0,2.7741,3.28,21,26,23,8,1,0,0,1,1,0,71.09
19,15,20,1,2.6071,3.738,23,25,25,10,0,1,0,0,0,1,78.13
19,0,15,1,2.9444,3.572,26,26,28,9,1,1,0,1,1,1,81.25
19,15,15,1,3.7272,3.52,18,19,19,9,0,0,1,0,1,1,72.66
19,0,25,0,3.6964,3.69,27,27,25,10,0,1,1,0,1,1,95.31
19,20,1,1,2.8518,2.92,18,24,19,9,0,1,0,1,1,1,53.13
19,0,15,0,2.9821,2.53,14,16,15,5,1,1,0,0,1,0,80.47
18,0,15,0,3.0416,3.055,22,20,21,6,1,0,0,1,1,0,81.25
20,0,30,0,2.9333,3.582,19,21,20,9,1,1,0,1,0,0,78.13
19,14,7,0,2.4807,2.604,20,23,20,9,1,1,0,1,0,0,65.63
18,0,7,0,3.5217,2.857,20,24,23,7,1,0,0,1,0,0,81.25
19,0,12.5,1,3.4821,3.711,28,26,27,8,1,1,1,0,1,1,72.66
19,10,19,0,2.9428,3.24,17,24,20,6,0,1,0,1,1,1,74.22
18,12,12,1,1.6363,3.26,13,16,15,7,0,0,0,1,0,0,49.22
19,27,13.5,0,3.0178,3.565,24,26,26,9,0,1,0,1,0,1,78.91
18,15,35,1,2.3571,2.73,21,22,21,9,0,0,1,0,1,1,50
19,22.5,12.5,0,2.5,3.628,20,20,21,5,0,0,0,1,0,1,63.28
19,0,17.5,0,2.4791,2.972,23,20,20,10,0,1,1,0,0,0,63.28
19,0,25,1,2.537,4.26,23,21,24,10,0,1,0,1,1,1,65.63
19,0,25,1,1.7692,3.268,20,19,20,7,1,0,1,0,1,1,74.22
19,0,15,1,3.1964,3.223,25,20,22,8,1,1,0,1,1,1,89.06
19,6.5,6,1,2.9827,3.361,20,27,24,6,1,1,0,1,0,0,82.03
19,0,10,0,1.8035,3.777,22,26,24,9,0,1,1,0,0,0,63.28
19,0,12.5,0,3.3846,3.7,26,25,26,7,0,0,0,1,1,1,56.25
18,18,12,1,2.3235,3.07,21,17,19,5,1,0,0,1,1,0,44.53
20,25,2.5,1,3.0689,3.493,30,26,29,7,1,0,0,0,1,1,82.03
19,22.5,40,1,2.0454,3,16,15,15,6,0,0,0,1,0,0,22.66
18,14,20,0,2.7069,3.7,29,26,28,10,0,1,0,0,1,1,72.66
24,30,25,0,2.0769,3.056,21,18,19,6,0,0,0,1,1,1,20.31
18,5,14,1,3.4464,3.5,21,19,23,9,0,1,1,0,0,0,95.31
22,30,15,0,3.2688,3.68,22,28,26,9,1,1,0,1,0,0,87.5
22,0,8,0,2.5186,3.441,21,22,20,9,1,1,0,0,0,0,58.59
20,0,12.5,0,2.9782,2.99,19,25,23,10,0,1,1,0,0,0,83.59
20,16,7.5,0,2.3642,3.17,23,21,24,10,1,1,0,0,1,0,82.03
21,0,40,1,2.3082,3.038,24,21,24,9,0,0,1,0,0,1,53.91
21,12,6,1,3.0738,3.571,24,22,23,8,0,1,0,1,1,1,75.78
21,0,5,0,2.8133,2.861,25,28,28,10,1,1,1,0,1,1,81.25
21,15,10,0,3.0645,2.726,28,21,27,8,0,1,0,1,0,0,83.59
21,25,4,0,2.7926,3.277,29,25,28,9,0,1,0,0,0,1,72.66
20,0,6,0,2.6304,3.194,23,21,22,9,1,1,0,0,0,0,80.47
21,0,10,0,2.3546,3.16,24,19,24,6,1,0,0,1,0,1,65.63
21,20,20,0,2.3888,3.11,28,26,27,9,1,1,0,1,0,0,63.28
20,8,25,1,3.9649,3.93,29,28,29,8,0,0,0,1,0,0,89.84
19,0,6.5,0,3.25,3.48,22,26,24,9,0,1,0,1,1,1,95.31
19,0,8,0,2.7258,3.564,28,29,26,9,0,1,0,1,1,1,71.88
19,15,20,0,2.8,3.74,16,20,18,8,0,0,1,0,1,1,57.81
22,14,8,1,3.375,3.672,22,20,23,8,1,0,0,1,1,1,73.44
21,0,21,0,1.7093,3.397,,,,9,0,1,1,0,1,1,78.13
20,15,10,1,1.8703,3.25,21,25,22,9,0,0,0,1,1,1,75
19,15,10,0,2,3.297,,,,6,0,1,0,1,1,1,19.53
20,12,6.5,1,2.8333,3.75,26,29,26,8,1,1,0,1,1,1,72.66
20,8,6,1,3.2968,3.744,22,22,22,9,0,0,1,0,0,0,86.72
19,0,21,0,3.6785,3.661,23,27,25,5,0,1,0,1,0,0,80.47
19,12,15,1,2.1333,2.975,21,22,19,9,0,0,0,0,0,0,37.5
20,20,25,1,2.7741,3,21,17,21,8,1,0,0,1,1,1,71.88
20,4,6,0,3.0446,3.768,20,22,22,7,0,0,0,1,1,1,78.13
20,0,10,0,2.2692,2.966,21,20,21,7,0,0,0,0,0,1,61.72
20,13,10,0,3.483,3.63,30,29,30,9,0,1,0,1,1,0,84.38
20,8,6,1,3.4435,3.908,30,31,31,10,0,1,0,1,1,0,85.94
19,15,7,0,2.6451,3.566,30,27,29,9,0,1,0,1,0,1,78.91
19,25,10,0,3.3823,3.894,31,29,30,10,0,1,0,1,0,1,64.84
20,30,5,1,2.5267,3.358,18,26,20,10,1,1,1,0,0,0,70.31
20,25,15,1,2.6949,3.8,27,27,29,9,0,0,0,1,0,0,71.88
20,0,15,0,2.3557,3.527,22,28,24,9,0,1,0,1,1,1,82.81
20,12.5,7.5,1,3.2945,3.824,31,23,26,10,0,1,0,1,1,1,78.91
20,20,12,0,2.25,2.81,25,20,24,8,0,1,0,1,0,0,57.81
20,13.5,12,1,2.8684,3.23,27,23,25,7,0,1,0,1,0,1,82.03
20,21,20,0,3.0086,2.796,21,18,21,8,0,0,0,1,0,1,68.75
19,0,7,0,2.4042,2.959,26,25,24,9,0,1,0,0,1,1,75.78
20,15,10,0,1.9313,3.124,27,27,24,10,1,1,0,0,0,0,61.72
20,0,25,0,2.7946,3.37,18,22,20,10,0,1,1,0,0,1,74.22
20,20,16,1,2.3617,3.306,24,14,20,4,1,0,0,1,1,1,71.09
20,0,15,0,2.4673,3.194,23,23,22,7,0,0,0,1,1,1,54.69
20,25,10,0,2.6346,3.581,27,17,25,7,0,0,0,1,0,1,66.41
20,0,6,0,2.2755,3.103,25,21,23,8,1,1,0,0,1,1,60.94
19,10,20,0,2.5983,3.353,20,19,21,10,0,1,0,1,0,0,90.63
19,0,20,1,3.0227,3.41,20,17,20,8,1,0,1,0,0,0,50.78
20,10,20,0,2.4523,2.98,17,17,16,5,0,1,0,1,0,0,60.16
19,0,28,1,2.75,3.736,24,26,22,7,1,1,1,0,0,1,77.34
20,12.5,12.5,0,3.807,4,24,24,27,8,0,1,0,1,1,1,87.5
20,17,10,0,2.7241,3.314,26,21,22,7,0,0,0,1,0,1,60.94
20,12,7,0,2.3775,3.47,24,28,24,7,1,1,0,1,0,0,57.81
20,20,7.5,1,3.1311,3.353,26,21,24,6,0,0,0,1,1,1,75
20,12,10,0,2.6,3.633,18,18,18,9,0,1,1,0,0,0,62.5
19,15,10,0,2.3728,3.189,27,24,28,7,0,0,0,1,1,1,82.03
21,0,15,0,2.7363,3.497,20,21,19,8,1,1,0,1,1,1,75
20,0,5.5,1,2.7672,3.055,22,27,24,9,1,1,1,0,1,0,73.44
20,11,20,0,1.7903,3.083,17,19,18,8,1,1,0,1,1,1,82.03
20,11,14,1,3.1346,4.194,,,,10,1,1,0,1,0,1,89.84
20,14,15,0,2.4716,3.081,19,29,23,10,1,1,0,1,1,1,67.19
20,12,15,0,3.2966,3.407,18,26,20,9,1,1,0,1,1,1,73.44
19,0,10,0,3.3152,3.222,25,27,27,9,1,1,0,0,1,1,82.81
20,0,22.5,0,3.1886,3.285,23,24,21,9,0,1,1,0,1,1,82.81
20,0,10,0,1.8076,2.609,,,,7,1,1,0,0,1,1,66.41
20,20,12,0,2.2692,3.625,23,27,24,9,1,1,1,0,0,0,71.88
19,0,40,0,3.4333,3.031,16,26,20,9,0,1,1,0,0,0,85.94
20,15,10,0,3.0916,3.63,25,24,24,8,0,1,0,1,1,1,83.59
20,0,6,0,3.1128,3.428,19,21,21,8,0,1,0,1,1,0,90.63
19,12.5,25,0,2.8269,3.457,18,19,21,6,0,0,0,1,1,1,87.5
19,0,15,1,3.2121,3.29,24,25,22,9,0,1,0,1,1,0,83.59
19,35,5,1,2.6666,3.556,34,25,29,10,0,1,0,0,1,0,71.88
20,9,17.5,0,2.42,3.333,16,15,17,5,1,0,0,1,0,1,67.19
19,11,4,0,3.1379,3.083,26,25,25,9,1,0,0,0,1,1,70.31
20,12,35,0,2.9807,3.62,,,,9,1,0,0,1,0,0,78.91
19,0,10,0,2.9629,3,20,28,24,9,1,1,1,0,0,1,81.25
19,0,14,1,3.0714,3.07,,,,8,0,1,0,1,0,1,73.44
19,20,15,0,2.5185,2.981,20,22,22,7,0,1,0,1,0,1,74.22
19,7,14,0,3.1379,3.567,27,25,27,9,0,1,0,1,0,0,54.69
19,10,10,0,2.34,3.696,21,26,25,9,1,1,0,0,0,0,50.78
19,13,9,1,1.875,3.3,20,18,20,6,0,1,0,1,0,0,65.63
19,20,20,1,2.4444,3.36,21,20,20,9,1,0,0,1,1,1,52.34
20,0,10,0,2.5816,2.957,,,,9,1,1,1,0,0,1,78.13
19,0,11,0,2.9642,3.111,22,20,22,8,0,0,0,1,1,1,73.44
19,16,25,0,2.9285,3.1,22,20,23,6,0,0,0,1,1,1,65.63
18,11,15,1,2.52,2.88,21,22,22,8,1,1,0,1,1,1,82.81
19,10,17.5,0,2.6206,3.545,33,26,29,9,0,1,0,1,1,0,82.81
19,0,20,1,3.0666,3.787,27,28,27,9,0,1,0,1,1,1,85.94
19,4.5,5,0,3.2857,3.816,29,29,28,10,0,1,0,1,1,1,92.19
19,0,12,1,1.9629,2.471,22,23,20,8,1,1,0,1,1,1,67.19
19,15,5,1,2.6607,3.58,18,24,20,8,1,1,0,1,0,1,54.69
18,10,12,0,3.1034,3.325,25,25,27,7,0,1,0,0,1,1,71.88
19,0,10,0,3.862,3.83,22,29,26,10,1,1,0,1,0,0,95.31
19,0,17.5,1,3.537,3.916,24,34,26,10,0,1,0,1,1,1,83.59
19,0,3,0,3.5185,3.444,25,26,26,9,1,1,0,0,0,1,92.19
19,0,2,0,2.5384,3.228,22,25,27,8,1,1,0,0,1,1,72.66
19,0,5,0,1.5178,2.777,21,27,23,10,1,1,1,0,0,0,35.16
19,12,20,0,3.431,3.628,24,26,23,9,1,1,1,0,0,1,89.06
19,0,15,0,2.4848,2.75,20,26,21,8,0,1,1,0,1,1,67.19
19,6,15,1,2.4642,3.341,24,25,23,9,0,1,0,1,0,1,77.34
19,0,16.5,1,3.6379,3.981,26,27,26,9,1,0,1,0,1,1,92.97
19,0,8,1,2.9259,3.28,23,22,22,8,1,1,0,1,1,1,87.5
19,15,14,0,3.1833,3.407,21,25,23,9,1,1,1,0,0,1,81.25
19,0,7.5,0,3.18,3.526,17,23,21,9,1,1,0,1,1,1,52.34
19,14,14,0,3.0892,3.176,19,19,19,7,0,0,1,0,0,0,65.63
19,11.5,15,1,2.2307,3.346,16,17,17,7,0,0,0,1,0,1,32.03
19,0,11,1,3.4137,3.625,23,21,22,7,0,1,0,1,1,1,84.38
19,12,30,0,3.8103,4.095,24,25,26,9,0,1,1,0,1,1,94.53
19,8,20,0,3.1935,3.914,22,25,25,9,0,1,0,1,1,1,70.31
19,0,48,0,3.7,3.363,22,26,22,9,1,0,1,0,0,1,91.41
20,0,8,0,2.5303,3.194,26,28,28,6,0,0,0,1,1,1,61.72
19,0,20,0,3.4482,3.611,27,25,27,9,1,1,1,0,1,1,89.84
19,15,35,0,2.12,3.686,26,23,25,8,0,0,0,1,0,0,78.13
19,0,10,0,2.1666,2.64,16,21,20,9,0,0,0,1,0,1,70.31
19,0,20,0,3.3214,3.777,23,25,23,10,1,1,1,0,0,1,80.47
19,0,2,1,3.6379,3.688,26,26,30,10,1,1,1,0,1,1,87.5
18,0,7.5,0,2.3214,3.025,22,19,22,1,1,0,0,1,0,0,61.72
19,0,25,0,2.3965,3.081,23,21,24,7,1,1,1,0,1,1,55.47
19,5,15,0,3.7419,3.517,23,27,25,10,0,1,0,1,0,1,92.97
19,0,9,0,3.2963,3.657,24,20,22,8,0,1,0,1,0,1,85.94
19,10,10,1,2.44,3.647,20,20,21,4,0,0,0,1,0,0,50
19,10,15,0,2.94,2.548,16,18,17,8,1,1,0,1,0,0,56.25
19,6,7,1,3.1,3.73,26,25,26,8,0,1,0,1,1,1,68.75
29,22.5,14,0,2.9166,3.2,22,22,22,8,0,1,0,1,1,0,87.5
19,0,20,0,3.8461,3.46,28,29,28,10,1,1,0,1,0,0,66.41
19,0,17.5,0,3.2321,3.541,23,24,24,6,0,1,0,1,0,1,74.22
19,10,25,1,3.5689,3.86,24,29,26,8,0,1,0,1,1,1,92.97
19,17.5,12.5,1,2.923,3.23,23,23,25,7,1,0,0,1,1,1,89.06
19,0,15,1,2.9464,3.74,18,24,22,4,1,0,1,0,1,0,88.28
18,10,25,0,2.5689,2.95,22,25,24,10,0,0,1,0,1,0,77.34
19,0,10,0,3.25,3.778,23,22,23,10,0,1,0,1,1,0,77.34
19,15,10,1,2.7758,3.767,29,32,31,10,1,1,0,1,1,1,66.41
19,0,5,0,3.0192,3.648,29,29,30,9,0,1,1,0,1,1,77.34
18,0,10,0,2,3.305,19,25,21,10,1,1,0,1,1,1,86.72
19,8,20,0,3,3.257,19,19,19,6,0,1,1,0,0,0,77.34
19,10,30,0,3.3888,3.6,23,20,21,8,0,0,0,1,0,1,85.16
19,0,12,1,3.3181,4,26,29,27,10,1,1,0,1,0,1,70.31
19,12.5,11,0,3.2419,3.806,23,23,24,10,0,1,0,1,1,0,78.91
19,0,11,0,3.7678,3.919,24,29,29,9,1,1,0,1,0,0,95.31
20,10,4,1,2.6379,3.43,24,25,24,9,1,0,0,0,1,1,75.78
20,7.5,5,0,3.3518,3.84,30,24,28,8,1,1,0,1,1,1,74.22
19,0,10,1,3.0161,3.526,26,30,26,10,0,1,0,1,1,1,77.34
19,0,25,0,3.5892,3.828,21,28,24,8,0,1,0,1,0,1,94.53
19,0,20,0,1.913,3.066,26,19,21,8,0,0,0,0,1,1,90.63
20,15,3,0,2.2037,3.058,30,24,28,8,1,0,0,0,1,1,53.13
20,0,10,1,3.3871,3.417,29,27,28,9,1,0,0,1,1,0,92.19
19,0,15,0,3.7142,4,23,27,25,9,1,1,1,0,1,1,92.97
19,0,12,0,3.1093,3.189,20,22,20,9,1,1,0,1,0,1,82.81
19,15,15,0,3.629,3.927,28,29,27,9,1,1,1,0,0,1,98.44
19,15,17.5,0,2.125,3.19,15,22,18,9,0,1,0,1,1,0,56.25
19,0,12,1,2.6,3.104,20,21,21,6,1,0,0,1,1,1,64.06
19,10,5,1,3.1071,3.49,22,22,23,6,1,0,0,0,1,0,79.69
19,0,3,0,2.68,3.171,19,25,22,7,1,1,0,1,0,0,78.13
19,0,10,1,2.7166,3.111,19,24,23,8,0,1,0,1,1,1,93.75
19,0,5,1,2.5178,2.6,23,25,24,7,1,1,0,1,1,1,68.75
19,0,20,1,2.7321,3.17,24,26,25,7,1,1,0,1,1,1,80.47
18,0,17.5,1,3.1551,2.85,,,,9,1,1,1,0,0,1,85.16
19,12,20,1,3.0892,3.629,,,,8,1,1,0,1,0,0,75
19,0,22.5,1,2.4285,3.446,15,24,21,7,1,1,1,0,0,0,82.03
19,0,25,0,3.8103,3.68,22,27,24,8,1,1,1,0,1,0,92.19
19,0,6,1,2.25,3.292,22,21,22,8,0,0,0,1,1,1,72.66
19,0,10,1,2.8653,3.483,24,24,25,9,1,1,0,1,1,0,71.88
19,0,9,1,2.8076,3.25,21,19,20,6,0,1,0,1,0,1,57.03
19,21,10,0,3.3448,3.467,28,22,25,6,0,1,0,0,1,1,65.63
19,8,10,1,3.4814,3.66,27,29,28,9,0,1,0,1,1,1,84.38
18,12,8,0,2.5769,3.405,23,27,24,8,0,1,0,0,0,0,69.53
19,15,5,0,2.8333,3.115,24,25,25,5,1,0,0,0,1,1,75
19,0,15,0,3.1153,3.457,24,24,24,7,1,0,0,1,0,0,84.38
19,0,13.5,0,3.4833,3.439,19,24,22,6,0,1,0,1,1,1,67.97
19,15,10,0,3.6911,3.597,25,26,28,9,0,1,0,1,1,1,76.56
20,0,16,1,2.9333,3.294,20,24,23,9,1,0,1,0,1,1,80.47
20,6,10,1,2.8333,3.55,20,26,20,9,1,1,0,1,1,0,85.94
19,17.5,20,1,2.8035,2.9,27,19,23,9,0,1,0,0,1,1,82.81
19,0,5,0,2.7678,3.305,20,25,21,9,1,1,1,0,0,1,64.06
19,0,10,0,2.3928,3.586,29,29,26,8,1,1,0,1,1,1,66.41
19,0,7,0,3.0714,3.278,22,22,24,6,1,0,1,0,0,0,75.78
19,10,25,1,2.6166,3.39,21,21,23,5,0,0,0,1,0,0,68.75
19,0,10,0,2.75,3.114,19,21,20,8,0,1,1,0,0,0,86.72
19,0,17.5,0,2.1206,3.542,24,27,26,9,1,1,0,1,1,1,77.34
19,10,10,1,3.02,3.65,27,25,27,7,0,0,1,0,0,0,82.81
18,0,8,1,3.2291,3.23,18,23,21,6,0,1,0,1,0,0,75
18,10,8,0,3.0172,3.388,26,18,22,8,0,1,0,1,1,0,58.59
19,10,25,0,1.7,2.994,20,27,21,10,1,1,0,1,0,0,35.94
19,0,14,0,2.44,3.178,17,17,20,7,1,0,0,1,0,0,56.25
19,0,4,1,3.0555,3.05,25,28,29,7,1,1,0,1,1,0,84.38
19,15,16,0,2.48,3.025,16,21,20,9,1,1,0,1,0,0,68.75
19,8,11,0,1.9259,3.583,13,19,18,8,1,1,1,0,0,0,75
19,12,10,0,2.62,3.117,19,17,19,7,0,0,1,0,0,0,62.5
19,22.5,0,1,3.0892,3.79,,,,9,0,1,0,1,1,1,50.78
19,20,10,1,2,3.27,27,25,25,8,0,0,0,0,1,1,65.63
19,17.5,17.5,0,1.4615,3.17,23,21,22,7,0,0,0,1,0,0,62.5
19,0,25,0,2.375,3,25,24,24,8,1,1,0,1,1,1,65.63
19,25,12,0,2.5,3.591,22,21,25,9,0,1,0,0,0,0,64.06
19,25,20,0,2.7758,3.55,26,24,27,10,0,0,0,1,1,0,79.69
19,0,40,1,3.3636,3.162,22,17,21,6,1,0,1,0,0,1,75
19,0,15,1,2.8,2.583,23,24,23,8,1,0,1,0,1,0,70.31
18,12,12.5,1,2.9642,3,,,,7,1,0,0,1,0,0,60.16
19,0,5,0,2.68,3.222,19,19,23,7,1,0,0,0,1,1,71.09
19,0,7,1,3.1666,3.2,16,25,19,4,0,1,1,0,0,1,89.06
20,0,12.5,1,3.0925,3.306,22,24,22,7,1,1,0,1,1,1,63.28
19,0,14,0,2.9166,3.151,20,17,18,6,0,0,0,1,0,1,89.06
19,12,6,0,1.8478,3.586,24,30,25,8,1,1,0,1,0,0,89.84
19,0,25,0,3.5161,3.105,,,,7,1,1,1,0,0,1,97.66
19,0,14,1,2.5833,3.187,24,22,21,8,1,1,1,0,0,0,73.44
19,10,9,0,3.2777,3.6,26,28,26,9,0,1,0,1,0,0,93.75
19,0,15,1,3.629,4.005,21,26,24,10,0,1,1,0,1,1,75.78
19,9.5,15,0,3.1206,3.604,24,23,23,10,0,1,0,1,0,0,82.81
19,0,10,0,2.9655,3.463,25,30,26,9,0,1,0,1,1,1,71.88
19,11,15,0,2.9833,3.35,,,,7,0,1,0,1,1,1,82.03
19,18,10,0,3.3214,4,26,32,27,10,0,0,1,0,1,1,68.75
18,10,17.5,0,3.3214,3.411,22,27,24,10,1,1,1,0,1,1,89.84
19,0,8,1,3.5625,3.84,,,,9,1,1,0,1,0,1,91.41
19,0,20,0,3.1607,3.555,20,21,21,10,0,1,0,1,0,1,78.91
18,9.5,10,0,3.6607,3.13,,,,8,0,1,1,0,0,1,94.53
19,27.5,5,1,0.875,3.16,21,26,23,9,0,0,0,1,1,0,41.41
19,20,15,1,3.0535,3.331,24,27,23,6,1,1,0,1,1,1,81.25
19,15,20,1,2.4285,3.009,26,21,28,6,0,1,1,0,0,0,67.97
19,6,7,0,2.3333,2.742,19,15,17,4,1,0,1,0,1,1,38.28
19,0,15,1,1.9482,3.318,19,27,24,9,1,1,0,1,0,0,75
19,10,9,0,3.2115,3,20,19,21,5,1,0,0,1,1,0,79.69
19,20,5,1,2.3888,3.071,23,23,22,10,1,1,0,1,0,0,78.13
19,20,21.5,1,3.1785,2.971,22,27,22,10,0,1,0,1,1,0,68.75
19,0,10,1,2.5892,3.861,21,19,21,9,0,0,0,1,1,0,77.34
19,0,15,1,3.7258,3.12,26,27,28,10,1,1,0,1,0,0,91.41
